58
CLFT095    0.00000000 0.17747309 0.18205233 0.18923956 0.16845598 0.19823201 1.71182700 1.69545181 1.67955705 1.71822452 0.17119233 0.60159621 0.18863973 0.67426509 1.69047834 0.18997217 0.17463999 0.16228746 0.18957403 0.18642282 0.15359466 0.17804915 1.69902776 0.18487546 1.69574848 0.18374887 0.16392020 0.16167208 1.69703008 1.35777547 0.20376048 0.19031405 0.14940833 1.61849758 0.13448177 1.69757143 1.69499756 0.15713122 0.14554238 0.59330200 0.10973906 0.15551630 0.17354589 0.19749093 1.69956147 0.16416732 0.18560227 0.19026612 1.68471100 0.16139192 0.21277620 0.19111475 0.15029574 0.16955872 0.20246778 0.16815016 0.15764437 0.18873317 
CLFT060    0.17747309 0.00000000 0.15415166 0.15970618 0.17796283 0.14688250 1.71552146 1.70186036 1.68645380 1.72267884 0.15769763 0.61513544 0.15105095 0.62095222 1.69566244 0.21225817 0.16523043 0.18129790 0.15780325 0.14272902 0.15816119 0.17047989 1.70336296 0.15100146 1.69890450 0.16962548 0.18129285 0.17745948 1.70110581 1.34972384 0.16933025 0.14642911 0.19023889 1.62281182 0.18452396 1.70019130 1.70047968 0.16757941 0.18793241 0.69342531 0.17692379 0.16939782 0.14723982 0.14967550 1.70268540 0.18091665 0.16515328 0.15892352 1.68668507 0.17840286 0.19081207 0.15474089 0.18497031 0.17587215 0.19078533 0.16536650 0.17020396 0.14685419 
CLFT043    0.18205233 0.15415166 0.00000000 0.17190890 0.18868297 0.16664612 1.71270776 1.69926137 1.68544183 1.71902113 0.17124504 0.62739907 0.14648354 0.62602602 1.69227430 0.20294521 0.18076733 0.18300553 0.16988483 0.14493871 0.18283975 0.17838873 1.69993080 0.17621448 1.69714213 0.16450539 0.19322862 0.16374033 1.69984548 1.35459317 0.18455769 0.16851550 0.17632751 1.61918176 0.17616425 1.69663944 1.69812843 0.17393002 0.19089128 0.65881387 0.18082759 0.16746411 0.13872123 0.16360713 1.70224105 0.18649300 0.17474660 0.15695417 1.68397495 0.18253264 0.20075315 0.16807760 0.17268444 0.15970469 0.20155809 0.18183200 0.18073057 0.13666185 
CLFT021    0.18923956 0.15970618 0.17190890 0.00000000 0.18298406 0.14507957 1.68492263 1.67741276 1.65709480 1.69160823 0.17767107 0.64412285 0.16415096 0.61620722 1.66420627 0.21279694 0.16459670 0.18035709 0.13941864 0.14214740 0.17746463 0.18100950 1.67066809 0.15747867 1.66877574 0.17791784 0.19685340 0.17646663 1.66982148 1.37065347 0.16149492 0.15371731 0.18756701 1.61126431 0.18855236 1.67403068 1.66971614 0.17718954 0.20579157 0.67831856 0.19161063 0.17691578 0.15997048 0.15847139 1.67026378 0.15266221 0.17060647 0.14712147 1.66229229 0.18339264 0.21031000 0.15434414 0.19031645 0.18217674 0.20243522 0.16331519 0.19492051 0.17157441 
CLFT166    0.16845598 0.17796283 0.18868297 0.18298406 0.00000000 0.17377321 1.70764570 1.69154547 1.67893939 1.71480591 0.18606702 0.62116127 0.17155401 0.65048989 1.68613414 0.19515946 0.17004728 0.15251936 0.20108751 0.19385988 0.16414444 0.16542465 1.69453427 0.17191530 1.69072798 0.18926309 0.15290240 0.20399305 1.68941818 1.38137222 0.19327371 0.17478026 0.17378118 1.61559845 0.15299211 1.69312086 1.69071600 0.19093717 0.17398441 0.62849447 0.17181319 0.15403451 0.19604694 0.17354616 1.69491174 0.16050620 0.16369950 0.18135365 1.67888344 0.16004925 0.20148870 0.19180457 0.17279730 0.17752559 0.21968398 0.18352835 0.15169973 0.18578944 
CLFT075    0.19823201 0.14688250 0.16664612 0.14507957 0.17377321 0.00000000 1.71420005 1.70016417 1.68549038 1.71862004 0.17985372 0.63127547 0.15871197 0.61003056 1.69097483 0.23785847 0.14633829 0.17777320 0.15298191 0.16114559 0.16645907 0.18214032 1.70025682 0.13511973 1.69629762 0.18882734 0.18037780 0.19848165 1.69721880 1.36775030 0.17168604 0.11577563 0.19910621 1.62141327 0.18871095 1.69688700 1.69685891 0.15800174 0.20417153 0.67867802 0.19392378 0.17300651 0.16134935 0.14080253 1.70035933 0.16164938 0.16300871 0.13462112 1.68363505 0.18151818 0.21869640 0.13647546 0.20146704 0.19661193 0.20680480 0.16342272 0.17429721 0.16812270 
CLFT136    1.71182700 1.71552146 1.71270776 1.68492263 1.70764570 1.71420005 0.00000000 0.17807294 0.20728316 0.16850751 1.71204190 0.91261363 1.71082194 0.92089550 0.16832819 1.66458830 1.71181596 1.71590228 1.69682210 1.69508024 1.71927269 1.71651598 0.15630881 1.71357279 0.20684433 1.71338551 1.71246392 1.71034991 0.18974751 0.37186250 1.71079863 1.71854645 1.71558754 0.20627633 1.71641790 0.17119313 0.16198658 1.71434793 1.71073331 0.91264500 1.71133720 1.71583443 1.71609671 1.71203215 0.15795503 1.71077279 1.71541637 1.70663124 0.18886534 1.71899239 1.67635584 1.71148025 1.71585157 1.71516524 1.66632305 1.71567090 1.71444446 1.71508521 
CLFT001    1.69545181 1.70186036 1.69926137 1.67741276 1.69154547 1.70016417 0.17807294 0.00000000 0.20692158 0.18912083 1.70232634 0.93637388 1.69833717 0.91485337 0.18883463 1.65441170 1.69516351 1.70301981 1.68705996 1.68484726 1.70300719 1.70278879 0.18517202 1.69959709 0.18127414 1.70037330 1.69523477 1.69925171 0.17887929 0.30600540 1.69784491 1.70285188 1.70302737 0.18511591 1.70144359 0.17796287 0.21559218 1.69780381 1.69976916 0.97794667 1.69834193 1.70093304 1.70075250 1.69686390 0.19372158 1.69464912 1.70153356 1.69415470 0.19531211 1.69934732 1.66293995 1.69707386 1.70427919 1.70358604 1.65556647 1.70358378 1.70005444 1.70153126 
CLFT061    1.67955705 1.68645380 1.68544183 1.65709480 1.67893939 1.68549038 0.20728316 0.20692158 0.00000000 0.20167827 1.68381500 0.87251125 1.68059737 0.87711265 0.18040228 1.63106351 1.67950962 1.68544519 1.66758571 1.66477637 1.68560182 1.68552756 0.20362789 1.68405561 0.17558196 1.68380354 1.68174732 1.67999854 0.19272218 0.35354836 1.68184014 1.68940422 1.68197467 0.21461012 1.68471987 0.20174046 0.18448125 1.68322683 1.67987548 0.87272519 1.68228481 1.68639501 1.68352914 1.68232378 0.17675850 1.67984552 1.68625276 1.68018098 0.17843268 1.68440289 1.64393360 1.68325975 1.68648390 1.68371335 1.63485693 1.68553892 1.68481778 1.68700075 
CLFT065    1.71822452 1.72267884 1.71902113 1.69160823 1.71480591 1.71862004 0.16850751 0.18912083 0.20167827 0.00000000 1.72240739 0.93983838 1.72006859 0.92741740 0.20069148 1.66750082 1.71685650 1.72602023 1.70090487 1.70078995 1.72340693 1.72443818 0.14434148 1.72057084 0.17140927 1.71908528 1.71873006 1.71764637 0.16263336 0.38855496 1.71929903 1.72248097 1.72128456 0.17500042 1.72279667 0.16783313 0.17592809 1.71825589 1.71953680 0.87355373 1.71994717 1.72322871 1.72095171 1.71870140 0.19358853 1.71930828 1.72311646 1.71202759 0.17712200 1.72288969 1.68258605 1.71821015 1.72183927 1.72396714 1.67270088 1.72243014 1.72049123 1.72185719 
CLFT037    0.17119233 0.15769763 0.17124504 0.17767107 0.18606702 0.17985372 1.71204190 1.70232634 1.68381500 1.72240739 0.00000000 0.62802633 0.18214138 0.63031184 1.69289692 0.19027119 0.19095793 0.18398387 0.16938407 0.18183122 0.17939872 0.17279213 1.69962135 0.15412407 1.69582880 0.14352898 0.18569898 0.16349120 1.69898449 1.34001835 0.18632368 0.18653625 0.18780136 1.61962249 0.18575149 1.69789079 1.69662522 0.19251793 0.16859088 0.61609966 0.16814620 0.16681452 0.18050390 0.16783145 1.70328533 0.18369886 0.15413306 0.19353997 1.68765552 0.17965249 0.16797984 0.19529470 0.18032195 0.15235563 0.18410461 0.17675191 0.17946019 0.16367959 
CLFT024-02 0.60159621 0.61513544 0.62739907 0.64412285 0.62116127 0.63127547 0.91261363 0.93637388 0.87251125 0.93983838 0.62802633 0.00000000 0.61523831 0.70117450 0.87828139 0.62364437 0.62684237 0.60737147 0.64938258 0.61270646 0.61157594 0.59954773 0.93219396 0.64586333 0.89612591 0.62760711 0.61120253 0.61460849 0.90119823 0.87867751 0.61658701 0.64255293 0.61048259 0.83196208 0.60455349 0.97064234 0.87015850 0.60330353 0.58667676 0.65759992 0.60456361 0.60574711 0.62274863 0.61369519 0.89916409 0.64027548 0.62320924 0.63126777 0.91350552 0.61632719 0.65078175 0.64783250 0.60028979 0.59661961 0.63842547 0.63975592 0.60683242 0.61552055 
CLFT045    0.18863973 0.15105095 0.14648354 0.16415096 0.17155401 0.15871197 1.71082194 1.69833717 1.68059737 1.72006859 0.18214138 0.61523831 0.00000000 0.60787766 1.69158312 0.20443127 0.17973026 0.18187549 0.16816396 0.14553915 0.18076802 0.16368817 1.69676018 0.17326369 1.69575395 0.16985940 0.18563674 0.17862044 1.69723128 1.34526920 0.16588111 0.16742865 0.17734966 1.61541194 0.17521596 1.69462179 1.69568913 0.17811148 0.19402036 0.67651136 0.18926427 0.17171025 0.14089658 0.16084598 1.69776558 0.19126561 0.16930536 0.15044240 1.68160026 0.17843902 0.20231792 0.15575691 0.18182866 0.17157726 0.19290195 0.17985442 0.18018499 0.14643415 
CLFT039    0.67426509 0.62095222 0.62602602 0.61620722 0.65048989 0.61003056 0.92089550 0.91485337 0.87711265 0.92741740 0.63031184 0.70117450 0.60787766 0.00000000 0.87364994 0.71508688 0.63840718 0.66639800 0.62991172 0.61972469 0.65787654 0.64097944 0.91476849 0.61777850 0.87188699 0.63430246 0.67390123 0.64855885 0.88201091 0.82860809 0.64146188 0.60897283 0.66774810 0.80704405 0.67698272 0.88086376 0.91885920 0.63968541 0.66760266 0.63489652 0.67437357 0.64750000 0.61097733 0.61844855 0.90174265 0.65237183 0.63310620 0.59324880 0.88150437 0.64419966 0.63985457 0.58919081 0.68713808 0.64985701 0.63001086 0.64378671 0.67103302 0.61669313 
CLFT148    1.69047834 1.69566244 1.69227430 1.66420627 1.68613414 1.69097483 0.16832819 0.18883463 0.18040228 0.20069148 1.69289692 0.87828139 1.69158312 0.87364994 0.00000000 1.64176425 1.68797565 1.69423969 1.67574725 1.67514928 1.69582069 1.69295134 0.18587708 1.69274904 0.19355635 1.69103914 1.69075850 1.69238285 0.19403509 0.37334656 1.69310557 1.69699250 1.69144232 0.23477112 1.69597208 0.19990157 0.16837066 1.68980018 1.69103571 0.92448276 1.69280808 1.69480500 1.69532768 1.68876256 0.13212088 1.69140751 1.69349529 1.68555820 0.20145659 1.69347921 1.65608338 1.69135609 1.69472914 1.69490593 1.64779729 1.69468692 1.69255328 1.69543036 
CLFT026    0.18997217 0.21225817 0.20294521 0.21279694 0.19515946 0.23785847 1.66458830 1.65441170 1.63106351 1.66750082 0.19027119 0.62364437 0.20443127 0.71508688 1.64176425 0.00000000 0.21603541 0.17612092 0.21044746 0.18889513 0.21370041 0.18555257 1.64738529 0.19869502 1.64314257 0.20626866 0.17399159 0.18526939 1.64450305 1.33717927 0.19571254 0.23908489 0.18272763 1.57982259 0.19804249 1.64952266 1.64502961 0.21773872 0.14618035 0.63880690 0.18325970 0.19341475 0.21520686 0.19557001 1.65006507 0.20331111 0.19216775 0.22026384 1.63835515 0.17295312 0.17284008 0.22112064 0.18464945 0.17766780 0.17186625 0.21214830 0.18025128 0.19599167 
CLFT062    0.17463999 0.16523043 0.18076733 0.16459670 0.17004728 0.14633829 1.71181596 1.69516351 1.67950962 1.71685650 0.19095793 0.62684237 0.17973026 0.63840718 1.68797565 0.21603541 0.00000000 0.16118370 0.15252901 0.17173461 0.14439085 0.16349980 1.69742166 0.16253504 1.69275093 0.18705687 0.15642029 0.20043470 1.69350877 1.35508992 0.16373495 0.13632516 0.17358009 1.61685963 0.16964343 1.69593312 1.69168734 0.11864687 0.18452036 0.66350571 0.17417096 0.16695657 0.16914029 0.16127700 1.69748908 0.15411564 0.17505596 0.14501285 1.67798655 0.15589184 0.22659651 0.13705866 0.18104899 0.20552236 0.20461204 0.14710984 0.15204911 0.17822487 
CLFT132    0.16228746 0.18129790 0.18300553 0.18035709 0.15251936 0.17777320 1.71590228 1.70301981 1.68544519 1.72602023 0.18398387 0.60737147 0.18187549 0.66639800 1.69423969 0.17612092 0.16118370 0.00000000 0.18888868 0.18371263 0.15651232 0.15532457 1.70180563 0.17259476 1.70053948 0.18267870 0.13560401 0.17511876 1.70190483 1.36440377 0.16739418 0.17738246 0.15682344 1.62084026 0.16150929 1.69941322 1.69769972 0.17490480 0.15187814 0.62146227 0.16166543 0.15295792 0.18429780 0.17116207 1.70452980 0.14834701 0.16275142 0.17375591 1.68478874 0.15460376 0.21602281 0.18490482 0.16178993 0.16969101 0.20122365 0.16862277 0.13358781 0.17584266 
CLFT023    0.18957403 0.15780325 0.16988483 0.13941864 0.20108751 0.15298191 1.69682210 1.68705996 1.66758571 1.70090487 0.16938407 0.64938258 0.16816396 0.62991172 1.67574725 0.21044746 0.15252901 0.18888868 0.00000000 0.14709660 0.16599555 0.17991798 1.68050059 0.15948655 1.67562167 0.17101313 0.18862184 0.18118860 1.68014043 1.35885800 0.15179248 0.15709152 0.18973125 1.61472221 0.18920157 1.68265159 1.68034345 0.15356531 0.20580824 0.69294574 0.19199707 0.18861575 0.16759009 0.16664032 1.68329416 0.16650057 0.16490216 0.15253983 1.67150655 0.18493157 0.20119263 0.14825218 0.19595927 0.19047223 0.19465638 0.14826635 0.18520163 0.16948865 
CLFT024    0.18642282 0.14272902 0.14493871 0.14214740 0.19385988 0.16114559 1.69508024 1.68484726 1.66477637 1.70078995 0.18183122 0.61270646 0.14553915 0.61972469 1.67514928 0.18889513 0.17173461 0.18371263 0.14709660 0.00000000 0.17034137 0.16630642 1.67722518 0.17261044 1.67402600 0.16304991 0.19422191 0.15787873 1.67710167 1.37100252 0.17369782 0.15390707 0.18346988 1.61230432 0.18629958 1.68041133 1.68056962 0.16398739 0.19364590 0.69094689 0.18155062 0.16529017 0.13659569 0.16016679 1.68136151 0.18424748 0.18259530 0.14731037 1.66933872 0.17393495 0.21040658 0.15002535 0.17623792 0.17314126 0.20344406 0.17118935 0.18062500 0.13572366 
CLFT114    0.15359466 0.15816119 0.18283975 0.17746463 0.16414444 0.16645907 1.71927269 1.70300719 1.68560182 1.72340693 0.17939872 0.61157594 0.18076802 0.65787654 1.69582069 0.21370041 0.14439085 0.15651232 0.16599555 0.17034137 0.00000000 0.16516779 1.70298870 0.19883033 1.70005489 0.14521555 0.16382192 0.15197090 1.70171182 1.35797283 0.15616072 0.16922149 0.15398314 1.62293982 0.14402394 1.70268020 1.69946991 0.14162053 0.18005052 0.64641374 0.15254019 0.15221262 0.15712740 0.19536640 1.70445594 0.16083385 0.19637679 0.17598791 1.68728693 0.16046677 0.23301047 0.19173762 0.13801111 0.16015277 0.20182268 0.15045155 0.14535217 0.17870731 
CLFT088    0.17804915 0.17047989 0.17838873 0.18100950 0.16542465 0.18214032 1.71651598 1.70278879 1.68552756 1.72443818 0.17279213 0.59954773 0.16368817 0.64097944 1.69295134 0.18555257 0.16349980 0.15532457 0.17991798 0.16630642 0.16516779 0.00000000 1.70449339 0.18641506 1.69994604 0.16083253 0.15673953 0.18456637 1.70076011 1.36063930 0.16616494 0.17231169 0.17310538 1.62279189 0.17157087 1.69968682 1.69945864 0.16593060 0.16614860 0.63594783 0.17110254 0.15218863 0.17542379 0.16410092 1.70523829 0.19028601 0.16567971 0.17467366 1.68643112 0.14772781 0.19563534 0.16455710 0.16372607 0.16956187 0.19046514 0.17825234 0.15160243 0.16806662 
CLFT067    1.69902776 1.70336296 1.69993080 1.67066809 1.69453427 1.70025682 0.15630881 0.18517202 0.20362789 0.14434148 1.69962135 0.93219396 1.69676018 0.91476849 0.18587708 1.64738529 1.69742166 1.70180563 1.68050059 1.67722518 1.70298870 1.70449339 0.00000000 1.70046515 0.19360617 1.69827499 1.69674802 1.69572586 0.17713380 0.37881923 1.69818283 1.70276983 1.70115316 0.19671758 1.70307222 0.15618159 0.18952742 1.69888250 1.69931113 0.90779221 1.70102778 1.70362874 1.70115651 1.69633169 0.17204739 1.69834718 1.70113565 1.69303073 0.18600994 1.70295742 1.66339026 1.69748904 1.70117866 1.70049959 1.65423738 1.70211920 1.70082260 1.70105458 
CLFT086    0.18487546 0.15100146 0.17621448 0.15747867 0.17191530 0.13511973 1.71357279 1.69959709 1.68405561 1.72057084 0.15412407 0.64586333 0.17326369 0.61777850 1.69274904 0.19869502 0.16253504 0.17259476 0.15948655 0.17261044 0.19883033 0.18641506 1.70046515 0.00000000 1.69763993 0.19011866 0.16875279 0.18498957 1.69872102 1.35448972 0.18676404 0.13738983 0.20497045 1.62340169 0.20174807 1.69837548 1.69710818 0.18552307 0.16901887 0.64052944 0.18479426 0.17472539 0.17932021 0.13594817 1.70252201 0.15971604 0.14278471 0.15317352 1.68364838 0.16404214 0.18315621 0.14204293 0.21441319 0.18819378 0.18951674 0.16848502 0.17206089 0.17327280 
CLFT070    1.69574848 1.69890450 1.69714213 1.66877574 1.69072798 1.69629762 0.20684433 0.18127414 0.17558196 0.17140927 1.69582880 0.89612591 1.69575395 0.87188699 0.19355635 1.64314257 1.69275093 1.70053948 1.67562167 1.67402600 1.70005489 1.69994604 0.19360617 1.69763993 0.00000000 1.69390840 1.69388428 1.69310447 0.15555185 0.35253493 1.69257154 1.70035172 1.69512500 0.18682339 1.69885943 0.19056056 0.17809616 1.69305184 1.69502205 0.90481716 1.69666368 1.69979850 1.69825502 1.69442255 0.19355549 1.69461313 1.69764588 1.69209672 0.19082785 1.69891940 1.65601336 1.69505154 1.69786566 1.69752474 1.64941408 1.69730300 1.69768439 1.69758761 
CLFT120    0.18374887 0.16962548 0.16450539 0.17791784 0.18926309 0.18882734 1.71338551 1.70037330 1.68380354 1.71908528 0.14352898 0.62760711 0.16985940 0.63430246 1.69103914 0.20626866 0.18705687 0.18267870 0.17101313 0.16304991 0.14521555 0.16083253 1.69827499 0.19011866 1.69390840 0.00000000 0.20310498 0.14149467 1.69825051 1.34483109 0.17224059 0.19500386 0.16958506 1.61709060 0.17028940 1.69732296 1.69845736 0.17920793 0.19388950 0.63659796 0.16873148 0.16809322 0.16552542 0.17919019 1.70245288 0.20377195 0.17877129 0.18382059 1.68431588 0.17222085 0.19400092 0.20163462 0.14340827 0.13743338 0.19538116 0.17894932 0.18805103 0.15856524 
CLFT133    0.16392020 0.18129285 0.19322862 0.19685340 0.15290240 0.18037780 1.71246392 1.69523477 1.68174732 1.71873006 0.18569898 0.61120253 0.18563674 0.67390123 1.69075850 0.17399159 0.15642029 0.13560401 0.18862184 0.19422191 0.16382192 0.15673953 1.69674802 0.16875279 1.69388428 0.20310498 0.00000000 0.19182911 1.69592217 1.35387096 0.17416191 0.16735267 0.16558821 1.61821395 0.17405483 1.69573021 1.69416620 0.16378524 0.15526049 0.63006866 0.16478012 0.16429543 0.19424751 0.17560956 1.70151106 0.16858097 0.15548744 0.18484545 1.68233850 0.15256309 0.21449550 0.17404029 0.17756677 0.17895355 0.20379643 0.16355092 0.12337504 0.18105664 
CLFT111    0.16167208 0.17745948 0.16374033 0.17646663 0.20399305 0.19848165 1.71034991 1.69925171 1.67999854 1.71764637 0.16349120 0.61460849 0.17862044 0.64855885 1.69238285 0.18526939 0.20043470 0.17511876 0.18118860 0.15787873 0.15197090 0.18456637 1.69572586 0.18498957 1.69310447 0.14149467 0.19182911 0.00000000 1.69633738 1.35462588 0.18006492 0.20142227 0.16550501 1.61984209 0.17553503 1.69510369 1.69460069 0.18288362 0.16437728 0.62099358 0.15922750 0.15985864 0.15586270 0.18954746 1.70158882 0.17129485 0.18500852 0.18427827 1.68524767 0.17252441 0.20813521 0.20584405 0.14979894 0.14399131 0.20139738 0.17373723 0.17625023 0.16366429 
CLFT068    1.69703008 1.70110581 1.69984548 1.66982148 1.68941818 1.69721880 0.18974751 0.17887929 0.19272218 0.16263336 1.69898449 0.90119823 1.69723128 0.88201091 0.19403509 1.64450305 1.69350877 1.70190483 1.68014043 1.67710167 1.70171182 1.70076011 0.17713380 1.69872102 0.15555185 1.69825051 1.69592217 1.69633738 0.00000000 0.36355647 1.69409734 1.70186776 1.70058555 0.18351485 1.70242670 0.18120726 0.18648489 1.69757258 1.69640522 0.91323061 1.69872831 1.70107970 1.70124946 1.69495062 0.19578622 1.69485728 1.69819060 1.69138599 0.19407514 1.69971768 1.65843888 1.69582828 1.70024280 1.70150039 1.65119996 1.70004405 1.70018271 1.69941676 
CLFT165    1.35777547 1.34972384 1.35459317 1.37065347 1.38137222 1.36775030 0.37186250 0.30600540 0.35354836 0.38855496 1.34001835 0.87867751 1.34526920 0.82860809 0.37334656 1.33717927 1.35508992 1.36440377 1.35885800 1.37100252 1.35797283 1.36063930 0.37881923 1.35448972 0.35253493 1.34483109 1.35387096 1.35462588 0.36355647 0.00000000 1.33000402 1.37261626 1.36707472 0.34457765 1.36828109 0.33839923 0.35910683 1.36509971 1.37303758 0.80216740 1.36340617 1.37149953 1.34968178 1.35653667 0.37353167 1.34811610 1.34652188 1.36025867 0.32619895 1.35490056 1.31754853 1.34947543 1.37450138 1.34737524 1.30070002 1.35886832 1.35295545 1.35358582 
CLFT130    0.20376048 0.16933025 0.18455769 0.16149492 0.19327371 0.17168604 1.71079863 1.69784491 1.68184014 1.71929903 0.18632368 0.61658701 0.16588111 0.64146188 1.69310557 0.19571254 0.16373495 0.16739418 0.15179248 0.17369782 0.15616072 0.16616494 1.69818283 0.18676404 1.69257154 0.17224059 0.17416191 0.18006492 1.69409734 1.33000402 0.00000000 0.17472470 0.17395521 1.61729019 0.17696118 1.69483753 1.69303763 0.17749285 0.19142604 0.69335685 0.20152491 0.20762819 0.17561011 0.17287952 1.69935062 0.17038213 0.17180061 0.17877473 1.67976049 0.17689021 0.20788228 0.17996957 0.17613114 0.18010695 0.18682167 0.16279602 0.17458998 0.17481182 
CLFT073    0.19031405 0.14642911 0.16851550 0.15371731 0.17478026 0.11577563 1.71854645 1.70285188 1.68940422 1.72248097 0.18653625 0.64255293 0.16742865 0.60897283 1.69699250 0.23908489 0.13632516 0.17738246 0.15709152 0.15390707 0.16922149 0.17231169 1.70276983 0.13738983 1.70035172 0.19500386 0.16735267 0.20142227 1.70186776 1.37261626 0.17472470 0.00000000 0.19646036 1.62697391 0.18187469 1.69953787 1.70154627 0.14944794 0.20004837 0.67444027 0.18981803 0.17465897 0.15442769 0.14564676 1.70551476 0.16841132 0.16357621 0.13643373 1.68666747 0.16366785 0.21827074 0.12558490 0.19521955 0.20473122 0.20457240 0.16065889 0.16804041 0.16733863 
CLFT101    0.14940833 0.19023889 0.17632751 0.18756701 0.17378118 0.19910621 1.71558754 1.70302737 1.68197467 1.72128456 0.18780136 0.61048259 0.17734966 0.66774810 1.69144232 0.18272763 0.17358009 0.15682344 0.18973125 0.18346988 0.15398314 0.17310538 1.70115316 0.20497045 1.69512500 0.16958506 0.16558821 0.16550501 1.70058555 1.36707472 0.17395521 0.19646036 0.00000000 1.62011686 0.13860801 1.69942469 1.69520920 0.16905295 0.15788853 0.60232799 0.15027695 0.16957229 0.17291121 0.19504414 1.70158648 0.17319258 0.18935837 0.19051458 1.68308745 0.16466023 0.22533432 0.19801143 0.13990070 0.16369437 0.20625479 0.17451666 0.16695850 0.17329860 
LFT001_10  1.61849758 1.62281182 1.61918176 1.61126431 1.61559845 1.62141327 0.20627633 0.18511591 0.21461012 0.17500042 1.61962249 0.83196208 1.61541194 0.80704405 0.23477112 1.57982259 1.61685963 1.62084026 1.61472221 1.61230432 1.62293982 1.62279189 0.19671758 1.62340169 0.18682339 1.61709060 1.61821395 1.61984209 0.18351485 0.34457765 1.61729019 1.62697391 1.62011686 0.00000000 1.62066732 0.17442641 0.24504409 1.61764673 1.62195771 0.84876453 1.61722383 1.62100887 1.62553090 1.61962050 0.23501962 1.62082132 1.61903569 1.61899533 0.18783033 1.61978669 1.58334328 1.62205772 1.62198163 1.62056386 1.57243563 1.62001971 1.61871563 1.62032792 
CLFT100    0.13448177 0.18452396 0.17616425 0.18855236 0.15299211 0.18871095 1.71641790 1.70144359 1.68471987 1.72279667 0.18575149 0.60455349 0.17521596 0.67698272 1.69597208 0.19804249 0.16964343 0.16150929 0.18920157 0.18629958 0.14402394 0.17157087 1.70307222 0.20174807 1.69885943 0.17028940 0.17405483 0.17553503 1.70242670 1.36828109 0.17696118 0.18187469 0.13860801 1.62066732 0.00000000 1.70090234 1.70071496 0.16307963 0.15604436 0.60051460 0.14111043 0.16877025 0.18008125 0.19160619 1.70611538 0.16730053 0.18858127 0.19382292 1.68654885 0.16059822 0.21353027 0.20121905 0.14194402 0.16959323 0.20141076 0.17505673 0.16017004 0.18380038 
CLFT071    1.69757143 1.70019130 1.69663944 1.67403068 1.69312086 1.69688700 0.17119313 0.17796287 0.20174046 0.16783313 1.69789079 0.97064234 1.69462179 0.88086376 0.19990157 1.64952266 1.69593312 1.69941322 1.68265159 1.68041133 1.70268020 1.69968682 0.15618159 1.69837548 0.19056056 1.69732296 1.69573021 1.69510369 0.18120726 0.33839923 1.69483753 1.69953787 1.69942469 0.17442641 1.70090234 0.00000000 0.21566693 1.69746185 1.69685766 0.90655654 1.69853341 1.70315671 1.69951915 1.69381802 0.19312369 1.69444452 1.69887683 1.69188436 0.18053420 1.70092666 1.66075475 1.69681380 1.70004825 1.69964627 1.65104019 1.70013062 1.69774853 1.69829818 
CLFT044    1.69499756 1.70047968 1.69812843 1.66971614 1.69071600 1.69685891 0.16198658 0.21559218 0.18448125 0.17592809 1.69662522 0.87015850 1.69568913 0.91885920 0.16837066 1.64502961 1.69168734 1.69769972 1.68034345 1.68056962 1.69946991 1.69945864 0.18952742 1.69710818 0.17809616 1.69845736 1.69416620 1.69460069 0.18648489 0.35910683 1.69303763 1.70154627 1.69520920 0.24504409 1.70071496 0.21566693 0.00000000 1.69574707 1.69468286 0.84217506 1.69687032 1.69952250 1.69840160 1.69545958 0.16474345 1.69161113 1.69753876 1.69194317 0.18959914 1.69833204 1.66028815 1.69440771 1.69814503 1.69930352 1.65067900 1.69802374 1.69747701 1.69964513 
CLFT063    0.15713122 0.16757941 0.17393002 0.17718954 0.19093717 0.15800174 1.71434793 1.69780381 1.68322683 1.71825589 0.19251793 0.60330353 0.17811148 0.63968541 1.68980018 0.21773872 0.11864687 0.17490480 0.15356531 0.16398739 0.14162053 0.16593060 1.69888250 0.18552307 1.69305184 0.17920793 0.16378524 0.18288362 1.69757258 1.36509971 0.17749285 0.14944794 0.16905295 1.61764673 0.16307963 1.69746185 1.69574707 0.00000000 0.17917886 0.67147934 0.16221562 0.16573594 0.17408377 0.16820548 1.69981754 0.17680851 0.19019174 0.14076460 1.68286634 0.16666512 0.23840812 0.13665290 0.16545618 0.19091173 0.21405030 0.14442877 0.15715473 0.17662387 
CLFT157    0.14554238 0.18793241 0.19089128 0.20579157 0.17398441 0.20417153 1.71073331 1.69976916 1.67987548 1.71953680 0.16859088 0.58667676 0.19402036 0.66760266 1.69103571 0.14618035 0.18452036 0.15187814 0.20580824 0.19364590 0.18005052 0.16614860 1.69931113 0.16901887 1.69502205 0.19388950 0.15526049 0.16437728 1.69640522 1.37303758 0.19142604 0.20004837 0.15788853 1.62195771 0.15604436 1.69685766 1.69468286 0.17917886 0.00000000 0.58426617 0.14454844 0.16699371 0.20587914 0.16308658 1.70207848 0.16745290 0.17241951 0.18501245 1.68446255 0.14574709 0.19832447 0.18293818 0.16608777 0.16145849 0.18834206 0.18376087 0.15940676 0.18738578 
CLFT160    0.59330200 0.69342531 0.65881387 0.67831856 0.62849447 0.67867802 0.91264500 0.97794667 0.87272519 0.87355373 0.61609966 0.65759992 0.67651136 0.63489652 0.92448276 0.63880690 0.66350571 0.62146227 0.69294574 0.69094689 0.64641374 0.63594783 0.90779221 0.64052944 0.90481716 0.63659796 0.63006866 0.62099358 0.91323061 0.80216740 0.69335685 0.67444027 0.60232799 0.84876453 0.60051460 0.90655654 0.84217506 0.67147934 0.58426617 0.00000000 0.59052670 0.61152822 0.64839588 0.68199058 0.93153924 0.60740948 0.63555213 0.69075329 0.86895650 0.61429445 0.63404434 0.69522893 0.61481999 0.62589389 0.63236561 0.65130761 0.63212777 0.66358042 
CLFT097    0.10973906 0.17692379 0.18082759 0.19161063 0.17181319 0.19392378 1.71133720 1.69834193 1.68228481 1.71994717 0.16814620 0.60456361 0.18926427 0.67437357 1.69280808 0.18325970 0.17417096 0.16166543 0.19199707 0.18155062 0.15254019 0.17110254 1.70102778 0.18479426 1.69666368 0.16873148 0.16478012 0.15922750 1.69872831 1.36340617 0.20152491 0.18981803 0.15027695 1.61722383 0.14111043 1.69853341 1.69687032 0.16221562 0.14454844 0.59052670 0.00000000 0.15793133 0.17325535 0.19057664 1.70272597 0.17033246 0.18931694 0.19085163 1.68913865 0.15450897 0.21415656 0.18842294 0.15017913 0.16764445 0.20276490 0.17325196 0.15845096 0.18129269 
CLFT078    0.15551630 0.16939782 0.16746411 0.17691578 0.15403451 0.17300651 1.71583443 1.70093304 1.68639501 1.72322871 0.16681452 0.60574711 0.17171025 0.64750000 1.69480500 0.19341475 0.16695657 0.15295792 0.18861575 0.16529017 0.15221262 0.15218863 1.70362874 0.17472539 1.69979850 0.16809322 0.16429543 0.15985864 1.70107970 1.37149953 0.20762819 0.17465897 0.16957229 1.62100887 0.16877025 1.70315671 1.69952250 0.16573594 0.16699371 0.61152822 0.15793133 0.00000000 0.15824753 0.18422759 1.70586391 0.15702041 0.17586595 0.16922610 1.68712183 0.16331354 0.21689535 0.18500441 0.15844491 0.16945075 0.20649227 0.16552029 0.14995616 0.16869278 
CLFT156    0.17354589 0.14723982 0.13872123 0.15997048 0.19604694 0.16134935 1.71609671 1.70075250 1.68352914 1.72095171 0.18050390 0.62274863 0.14089658 0.61097733 1.69532768 0.21520686 0.16914029 0.18429780 0.16759009 0.13659569 0.15712740 0.17542379 1.70115651 0.17932021 1.69825502 0.16552542 0.19424751 0.15586270 1.70124946 1.34968178 0.17561011 0.15442769 0.17291121 1.62553090 0.18008125 1.69951915 1.69840160 0.17408377 0.20587914 0.64839588 0.17325535 0.15824753 0.00000000 0.18582864 1.70320118 0.18187643 0.18187303 0.15827656 1.68656538 0.16861566 0.21728747 0.17327471 0.16892328 0.17096031 0.18754827 0.17534345 0.17718489 0.14180995 
CLFT085    0.19749093 0.14967550 0.16360713 0.15847139 0.17354616 0.14080253 1.71203215 1.69686390 1.68232378 1.71870140 0.16783145 0.61369519 0.16084598 0.61844855 1.68876256 0.19557001 0.16127700 0.17116207 0.16664032 0.16016679 0.19536640 0.16410092 1.69633169 0.13594817 1.69442255 0.17919019 0.17560956 0.18954746 1.69495062 1.35653667 0.17287952 0.14564676 0.19504414 1.61962050 0.19160619 1.69381802 1.69545958 0.16820548 0.16308658 0.68199058 0.19057664 0.18422759 0.18582864 0.00000000 1.69957474 0.18087745 0.15572608 0.13085749 1.68011786 0.17260121 0.19825049 0.13053079 0.20256415 0.17031000 0.19894204 0.17988961 0.17603468 0.16001080 
CLFT139    1.69956147 1.70268540 1.70224105 1.67026378 1.69491174 1.70035933 0.15795503 0.19372158 0.17675850 0.19358853 1.70328533 0.89916409 1.69776558 0.90174265 0.13212088 1.65006507 1.69748908 1.70452980 1.68329416 1.68136151 1.70445594 1.70523829 0.17204739 1.70252201 0.19355549 1.70245288 1.70151106 1.70158882 0.19578622 0.37353167 1.69935062 1.70551476 1.70158648 0.23501962 1.70611538 0.19312369 0.16474345 1.69981754 1.70207848 0.93153924 1.70272597 1.70586391 1.70320118 1.69957474 0.00000000 1.70015175 1.70263913 1.69490123 0.19277377 1.70367477 1.66481984 1.70004455 1.70337041 1.70343788 1.65632044 1.70275838 1.70282292 1.70348753 
CLFT129    0.16416732 0.18091665 0.18649300 0.15266221 0.16050620 0.16164938 1.71077279 1.69464912 1.67984552 1.71930828 0.18369886 0.64027548 0.19126561 0.65237183 1.69140751 0.20331111 0.15411564 0.14834701 0.16650057 0.18424748 0.16083385 0.19028601 1.69834718 0.15971604 1.69461313 0.20377195 0.16858097 0.17129485 1.69485728 1.34811610 0.17038213 0.16841132 0.17319258 1.62082132 0.16730053 1.69444452 1.69161113 0.17680851 0.16745290 0.60740948 0.17033246 0.15702041 0.18187643 0.18087745 1.70015175 0.00000000 0.17258325 0.16433175 1.68033875 0.16611269 0.22076988 0.18000329 0.18183964 0.19048602 0.20815417 0.15380198 0.16332092 0.19374961 
CLFT126    0.18560227 0.16515328 0.17474660 0.17060647 0.16369950 0.16300871 1.71541637 1.70153356 1.68625276 1.72311646 0.15413306 0.62320924 0.16930536 0.63310620 1.69349529 0.19216775 0.17505596 0.16275142 0.16490216 0.18259530 0.19637679 0.16567971 1.70113565 0.14278471 1.69764588 0.17877129 0.15548744 0.18500852 1.69819060 1.34652188 0.17180061 0.16357621 0.18935837 1.61903569 0.18858127 1.69887683 1.69753876 0.19019174 0.17241951 0.63555213 0.18931694 0.17586595 0.18187303 0.15572608 1.70263913 0.17258325 0.00000000 0.17797980 1.68570681 0.17441111 0.17341922 0.17231160 0.19781015 0.17672589 0.18708061 0.17920675 0.15411855 0.16718743 
CLFT082    0.19026612 0.15892352 0.15695417 0.14712147 0.18135365 0.13462112 1.70663124 1.69415470 1.68018098 1.71202759 0.19353997 0.63126777 0.15044240 0.59324880 1.68555820 0.22026384 0.14501285 0.17375591 0.15253983 0.14731037 0.17598791 0.17467366 1.69303073 0.15317352 1.69209672 0.18382059 0.18484545 0.18427827 1.69138599 1.36025867 0.17877473 0.13643373 0.19051458 1.61899533 0.19382292 1.69188436 1.69194317 0.14076460 0.18501245 0.69075329 0.19085163 0.16922610 0.15827656 0.13085749 1.69490123 0.16433175 0.17797980 0.00000000 1.67866637 0.17209430 0.23127656 0.10396569 0.19368890 0.18346730 0.20510478 0.15752687 0.18860781 0.16310399 
CLFT144    1.68471100 1.68668507 1.68397495 1.66229229 1.67888344 1.68363505 0.18886534 0.19531211 0.17843268 0.17712200 1.68765552 0.91350552 1.68160026 0.88150437 0.20145659 1.63835515 1.67798655 1.68478874 1.67150655 1.66933872 1.68728693 1.68643112 0.18600994 1.68364838 0.19082785 1.68431588 1.68233850 1.68524767 0.19407514 0.32619895 1.67976049 1.68666747 1.68308745 0.18783033 1.68654885 0.18053420 0.18959914 1.68286634 1.68446255 0.86895650 1.68913865 1.68712183 1.68656538 1.68011786 0.19277377 1.68033875 1.68570681 1.67866637 0.00000000 1.68475829 1.64960084 1.68091236 1.68581716 1.68777963 1.63535696 1.68521447 1.68454506 1.68467822 
CLFT167    0.16139192 0.17840286 0.18253264 0.18339264 0.16004925 0.18151818 1.71899239 1.69934732 1.68440289 1.72288969 0.17965249 0.61632719 0.17843902 0.64419966 1.69347921 0.17295312 0.15589184 0.15460376 0.18493157 0.17393495 0.16046677 0.14772781 1.70295742 0.16404214 1.69891940 0.17222085 0.15256309 0.17252441 1.69971768 1.35490056 0.17689021 0.16366785 0.16466023 1.61978669 0.16059822 1.70092666 1.69833204 0.16666512 0.14574709 0.61429445 0.15450897 0.16331354 0.16861566 0.17260121 1.70367477 0.16611269 0.17441111 0.17209430 1.68475829 0.00000000 0.20073435 0.16107174 0.16176158 0.17840805 0.17838788 0.17069496 0.15285064 0.18011223 
CLFT163    0.21277620 0.19081207 0.20075315 0.21031000 0.20148870 0.21869640 1.67635584 1.66293995 1.64393360 1.68258605 0.16797984 0.65078175 0.20231792 0.63985457 1.65608338 0.17284008 0.22659651 0.21602281 0.20119263 0.21040658 0.23301047 0.19563534 1.66339026 0.18315621 1.65601336 0.19400092 0.21449550 0.20813521 1.65843888 1.31754853 0.20788228 0.21827074 0.22533432 1.58334328 0.21353027 1.66075475 1.66028815 0.23840812 0.19832447 0.63404434 0.21415656 0.21689535 0.21728747 0.19825049 1.66481984 0.22076988 0.17341922 0.23127656 1.64960084 0.20073435 0.00000000 0.22015627 0.22084541 0.19492881 0.16141669 0.22070567 0.20472910 0.19515867 
CLFT080    0.19111475 0.15474089 0.16807760 0.15434414 0.19180457 0.13647546 1.71148025 1.69707386 1.68325975 1.71821015 0.19529470 0.64783250 0.15575691 0.58919081 1.69135609 0.22112064 0.13705866 0.18490482 0.14825218 0.15002535 0.19173762 0.16455710 1.69748904 0.14204293 1.69505154 0.20163462 0.17404029 0.20584405 1.69582828 1.34947543 0.17996957 0.12558490 0.19801143 1.62205772 0.20121905 1.69681380 1.69440771 0.13665290 0.18293818 0.69522893 0.18842294 0.18500441 0.17327471 0.13053079 1.70004455 0.18000329 0.17231160 0.10396569 1.68091236 0.16107174 0.22015627 0.00000000 0.21817038 0.20458846 0.20338976 0.15353709 0.18222634 0.16204775 
CLFT107    0.15029574 0.18497031 0.17268444 0.19031645 0.17279730 0.20146704 1.71585157 1.70427919 1.68648390 1.72183927 0.18032195 0.60028979 0.18182866 0.68713808 1.69472914 0.18464945 0.18104899 0.16178993 0.19595927 0.17623792 0.13801111 0.16372607 1.70117866 0.21441319 1.69786566 0.14340827 0.17756677 0.14979894 1.70024280 1.37450138 0.17613114 0.19521955 0.13990070 1.62198163 0.14194402 1.70004825 1.69814503 0.16545618 0.16608777 0.61481999 0.15017913 0.15844491 0.16892328 0.20256415 1.70337041 0.18183964 0.19781015 0.19368890 1.68581716 0.16176158 0.22084541 0.21817038 0.00000000 0.15224840 0.20842916 0.17488564 0.17170305 0.17765272 
CLFT123    0.16955872 0.17587215 0.15970469 0.18217674 0.17752559 0.19661193 1.71516524 1.70358604 1.68371335 1.72396714 0.15235563 0.59661961 0.17157726 0.64985701 1.69490593 0.17766780 0.20552236 0.16969101 0.19047223 0.17314126 0.16015277 0.16956187 1.70049959 0.18819378 1.69752474 0.13743338 0.17895355 0.14399131 1.70150039 1.34737524 0.18010695 0.20473122 0.16369437 1.62056386 0.16959323 1.69964627 1.69930352 0.19091173 0.16145849 0.62589389 0.16764445 0.16945075 0.17096031 0.17031000 1.70343788 0.19048602 0.17672589 0.18346730 1.68777963 0.17840805 0.19492881 0.20458846 0.15224840 0.00000000 0.19979958 0.19140902 0.17552759 0.16101310 
CLFT152    0.20246778 0.19078533 0.20155809 0.20243522 0.21968398 0.20680480 1.66632305 1.65556647 1.63485693 1.67270088 0.18410461 0.63842547 0.19290195 0.63001086 1.64779729 0.17186625 0.20461204 0.20122365 0.19465638 0.20344406 0.20182268 0.19046514 1.65423738 0.18951674 1.64941408 0.19538116 0.20379643 0.20139738 1.65119996 1.30070002 0.18682167 0.20457240 0.20625479 1.57243563 0.20141076 1.65104019 1.65067900 0.21405030 0.18834206 0.63236561 0.20276490 0.20649227 0.18754827 0.19894204 1.65632044 0.20815417 0.18708061 0.20510478 1.63535696 0.17838788 0.16141669 0.20338976 0.20842916 0.19979958 0.00000000 0.20521873 0.20410751 0.20301181 
CLFT048    0.16815016 0.16536650 0.18183200 0.16331519 0.18352835 0.16342272 1.71567090 1.70358378 1.68553892 1.72243014 0.17675191 0.63975592 0.17985442 0.64378671 1.69468692 0.21214830 0.14710984 0.16862277 0.14826635 0.17118935 0.15045155 0.17825234 1.70211920 0.16848502 1.69730300 0.17894932 0.16355092 0.17373723 1.70004405 1.35886832 0.16279602 0.16065889 0.17451666 1.62001971 0.17505673 1.70013062 1.69802374 0.14442877 0.18376087 0.65130761 0.17325196 0.16552029 0.17534345 0.17988961 1.70275838 0.15380198 0.17920675 0.15752687 1.68521447 0.17069496 0.22070567 0.15353709 0.17488564 0.19140902 0.20521873 0.00000000 0.16579798 0.17990943 
CLFT131    0.15764437 0.17020396 0.18073057 0.19492051 0.15169973 0.17429721 1.71444446 1.70005444 1.68481778 1.72049123 0.17946019 0.60683242 0.18018499 0.67103302 1.69255328 0.18025128 0.15204911 0.13358781 0.18520163 0.18062500 0.14535217 0.15160243 1.70082260 0.17206089 1.69768439 0.18805103 0.12337504 0.17625023 1.70018271 1.35295545 0.17458998 0.16804041 0.16695850 1.61871563 0.16017004 1.69774853 1.69747701 0.15715473 0.15940676 0.63212777 0.15845096 0.14995616 0.17718489 0.17603468 1.70282292 0.16332092 0.15411855 0.18860781 1.68454506 0.15285064 0.20472910 0.18222634 0.17170305 0.17552759 0.20410751 0.16579798 0.00000000 0.17337747 
CLFT138    0.18873317 0.14685419 0.13666185 0.17157441 0.18578944 0.16812270 1.71508521 1.70153126 1.68700075 1.72185719 0.16367959 0.61552055 0.14643415 0.61669313 1.69543036 0.19599167 0.17822487 0.17584266 0.16948865 0.13572366 0.17870731 0.16806662 1.70105458 0.17327280 1.69758761 0.15856524 0.18105664 0.16366429 1.69941676 1.35358582 0.17481182 0.16733863 0.17329860 1.62032792 0.18380038 1.69829818 1.69964513 0.17662387 0.18738578 0.66358042 0.18129269 0.16869278 0.14180995 0.16001080 1.70348753 0.19374961 0.16718743 0.16310399 1.68467822 0.18011223 0.19515867 0.16204775 0.17765272 0.16101310 0.20301181 0.17990943 0.17337747 0.00000000 
