47
SA266      0.00000000 0.13842465 1.67036311 1.72012287 0.09687020 0.10199518 0.14248917 1.71632864 0.15519926 1.70819289 1.71741447 0.12538750 1.71819166 0.11871045 1.72067998 0.12355867 0.12473289 0.11822112 1.72700211 0.13645118 0.12025384 1.71920157 1.71519165 0.12761979 0.10146716 0.14078276 1.70555351 0.22788199 0.71895669 0.14065842 0.12349669 0.10883586 1.71905412 0.14822545 0.14679486 1.72445377 1.72140438 1.72622577 0.14410716 1.72167700 1.71442087 1.72453725 0.12954356 0.76901310 1.72107666 1.72255092 0.11566971 
NTA6       0.13842465 0.00000000 1.65103935 1.69849739 0.12963619 0.13411552 0.15254440 1.69813497 0.13351247 1.68983106 1.69677060 0.13767338 1.69848577 0.13505342 1.70131729 0.12597147 0.10854862 0.15307753 1.70799761 0.14197754 0.12317228 1.70138641 1.69526783 0.14183044 0.13622192 0.15228722 1.69599786 0.21783857 0.70568205 0.15214759 0.14393788 0.15343820 1.70205268 0.13865340 0.13190238 1.70435839 1.70205107 1.70553887 0.12335893 1.70262316 1.69655610 1.70662633 0.13311354 0.74765319 1.70311296 1.70587834 0.11605979 
MC94       1.67036311 1.65103935 0.00000000 0.22162108 1.67317331 1.66487801 1.66773404 0.22820348 1.64227712 0.21755155 0.22160108 1.66543003 0.19928710 1.67158313 0.20356197 1.66755634 1.65192360 1.63721152 0.22640210 1.67408088 1.66770391 0.19834591 0.23171045 1.66439464 1.67381511 1.66928342 0.23205288 1.47079760 0.80709655 1.66840797 1.66717594 1.66892281 0.22804521 1.66848285 1.66795347 0.21743962 0.20586492 0.20099319 1.66840062 0.19918867 0.21017583 0.20795771 1.67251439 0.73992995 0.21995376 0.21526143 1.67535105 
08MG05     1.72012287 1.69849739 0.22162108 0.00000000 1.72267068 1.71495659 1.71738082 0.18648497 1.69114196 0.16625502 0.14440259 1.71465089 0.16718913 1.71678012 0.18968951 1.71655874 1.69998615 1.68804573 0.17884352 1.72106480 1.71727471 0.19335460 0.15323137 1.71263063 1.72426475 1.71764391 0.17620424 1.52236566 0.80722339 1.71744455 1.71675661 1.71688688 0.17925996 1.71665843 1.71526690 0.17062882 0.19057833 0.18710429 1.71863368 0.19217953 0.16958093 0.18777952 1.72235510 0.70343241 0.18688428 0.19216968 1.72433982 
SA280      0.09687020 0.12963619 1.67317331 1.72267068 0.00000000 0.12293440 0.13188746 1.72070508 0.13579110 1.71137147 1.71998595 0.12387659 1.72008548 0.10417164 1.72316287 0.11870342 0.13197870 0.13208540 1.72792276 0.12786053 0.12058523 1.72402093 1.71839131 0.12501497 0.11597403 0.13178906 1.70886035 0.22237610 0.72915259 0.13218112 0.12591522 0.12729913 1.72165948 0.13173616 0.12897409 1.72719290 1.72390853 1.72814406 0.12710476 1.72555737 1.71820139 1.72801327 0.12189531 0.78100568 1.72401692 1.72700783 0.11568350 
SA5c       0.10199518 0.13411552 1.66487801 1.71495659 0.12293440 0.00000000 0.15124417 1.71453141 0.15201749 1.70589924 1.71314579 0.09283411 1.71572772 0.13613186 1.71762360 0.13296990 0.15411199 0.11974045 1.72212777 0.11994147 0.11561087 1.71565769 1.70915040 0.12513616 0.14397802 0.15028059 1.70678239 0.23372956 0.71970596 0.14988874 0.11830488 0.12703593 1.71563095 0.13873937 0.13266663 1.72008537 1.71608887 1.72020743 0.13709557 1.71892506 1.71125112 1.72080362 0.12577822 0.77138940 1.71674840 1.72029082 0.11280285 
DB8_4      0.14248917 0.15254440 1.66773404 1.71738082 0.13188746 0.15124417 0.00000000 1.71811109 0.14505417 1.70865701 1.71760179 0.12728180 1.71783399 0.13032411 1.72056543 0.14131231 0.13672454 0.12622701 1.72726722 0.11115923 0.15299145 1.72014330 1.71501001 0.11393890 0.12199361 0.02726934 1.70884880 0.22853539 0.68170207 0.02725265 0.10505857 0.12162741 1.71981040 0.13201365 0.13416084 1.72409061 1.72185909 1.72632665 0.14071571 1.72338040 1.71374106 1.72491073 0.13569443 0.78413202 1.72061577 1.72336835 0.15588572 
SA_NC8     1.71632864 1.69813497 0.22820348 0.18648497 1.72070508 1.71453141 1.71811109 0.00000000 1.69279145 0.19290864 0.19609265 1.71327716 0.18579854 1.71695890 0.19089012 1.71640930 1.69863748 1.68689440 0.15371736 1.72231851 1.71547045 0.17168924 0.19320471 1.71263336 1.72064649 1.71812624 0.18731322 1.52049325 0.77733102 1.71716130 1.71749962 1.71715302 0.16052756 1.71687047 1.71505667 0.20298152 0.19594313 0.18423173 1.71728190 0.17155662 0.17493318 0.18020875 1.72090277 0.72023184 0.18450487 0.18766941 1.72223388 
SA1d_ZA    0.15519926 0.13351247 1.64227712 1.69114196 0.13579110 0.15201749 0.14505417 1.69279145 0.00000000 1.68270884 1.68815444 0.12849888 1.69165371 0.10776211 1.69546794 0.13294342 0.12827805 0.12805121 1.70162629 0.15388943 0.13923085 1.69447422 1.68714994 0.11850264 0.13983291 0.14492345 1.69075653 0.21772793 0.69119586 0.14543910 0.15861953 0.16180545 1.69420675 0.09681926 0.09439152 1.69945146 1.69544862 1.70091404 0.09054696 1.69849062 1.69045580 1.69905440 0.13149533 0.76797203 1.69536336 1.69777171 0.13473152 
SA499      1.70819289 1.68983106 0.21755155 0.16625502 1.71137147 1.70589924 1.70865701 0.19290864 1.68270884 0.00000000 0.16800813 1.70518572 0.16362611 1.70907082 0.16899496 1.70817837 1.68975509 1.67883375 0.20255078 1.71232184 1.70701796 0.17639425 0.17021088 1.70246053 1.71337269 1.70961683 0.18694800 1.51347976 0.83553317 1.70934138 1.70763026 1.70691652 0.19917011 1.70639640 1.70498259 0.17522305 0.19775782 0.16738756 1.70841982 0.17586169 0.17368128 0.18232807 1.71311667 0.67232705 0.18383851 0.16592182 1.71467686 
08MG02     1.71741447 1.69677060 0.22160108 0.14440259 1.71998595 1.71314579 1.71760179 0.19609265 1.68815444 0.16800813 0.00000000 1.71298248 0.16969004 1.71784960 0.18676713 1.71543846 1.69778961 1.68628342 0.18068398 1.71950686 1.71543834 0.19217115 0.15169443 1.71071259 1.72353604 1.71821467 0.18311835 1.51844815 0.81285148 1.71774071 1.71447653 1.71720614 0.18146054 1.71580634 1.71352703 0.16621019 0.18082580 0.18575078 1.71530986 0.19108591 0.17305844 0.18831052 1.72180204 0.69553837 0.18041411 0.18953053 1.72123613 
SA6e       0.12538750 0.13767338 1.66543003 1.71465089 0.12387659 0.09283411 0.12728180 1.71327716 0.12849888 1.70518572 1.71298248 0.00000000 1.71327159 0.10982276 1.71577213 0.12485291 0.13968084 0.11381913 1.72272225 0.10905973 0.13567069 1.71526623 1.70878515 0.12240150 0.13122601 0.12843040 1.70473693 0.23642743 0.68929389 0.12840987 0.11844506 0.14938848 1.71719593 0.13641646 0.11857520 1.72036449 1.71639650 1.72301012 0.14805092 1.71929541 1.71136321 1.72126616 0.12627353 0.81845948 1.71765710 1.71889265 0.11739496 
SA_EC1     1.71819166 1.69848577 0.19928710 0.16718913 1.72008548 1.71572772 1.71783399 0.18579854 1.69165371 0.16362611 0.16969004 1.71327159 0.00000000 1.71569098 0.17897072 1.71652696 1.69927391 1.68545123 0.17930598 1.72202607 1.71614693 0.17947751 0.19057105 1.71243751 1.72337688 1.72085186 0.17842828 1.52122146 0.82951058 1.71896545 1.71666424 1.71858244 0.17915117 1.71606163 1.71480105 0.16264929 0.18291178 0.17527191 1.71706159 0.18141753 0.18380121 0.18271980 1.72181256 0.69661900 0.19117962 0.18447538 1.72153386 
SA286      0.11871045 0.13505342 1.67158313 1.71678012 0.10417164 0.13613186 0.13032411 1.71695890 0.10776211 1.70907082 1.71784960 0.10982276 1.71569098 0.00000000 1.72006717 0.10941198 0.13300106 0.13582318 1.72749206 0.13584284 0.13477419 1.72020762 1.71420086 0.12110382 0.11781767 0.13077857 1.70719215 0.21912781 0.72340349 0.13084321 0.14284323 0.16009695 1.71980133 0.12141312 0.10942132 1.72372070 1.72122257 1.72621883 0.12253395 1.72234167 1.71560707 1.72629051 0.11663343 0.78875789 1.72069420 1.72432402 0.11612977 
SA_NC1     1.72067998 1.70131729 0.20356197 0.18968951 1.72316287 1.71762360 1.72056543 0.19089012 1.69546794 0.16899496 0.18676713 1.71577213 0.17897072 1.72006717 0.00000000 1.71891687 1.70219442 1.69001354 0.18949397 1.72312681 1.72103245 0.15104668 0.18386681 1.71556848 1.72516785 1.72144749 0.18689120 1.52480202 0.82303385 1.72106653 1.71889924 1.72152121 0.18743186 1.72007462 1.71918204 0.17041057 0.16564181 0.14353200 1.71964224 0.14906657 0.18264158 0.16687157 1.72447937 0.71719488 0.15879473 0.14907971 1.72447524 
SA243      0.12355867 0.12597147 1.66755634 1.71655874 0.11870342 0.13296990 0.14131231 1.71640930 0.13294342 1.70817837 1.71543846 0.12485291 1.71652696 0.10941198 1.71891687 0.00000000 0.13270385 0.14535737 1.72617075 0.12521679 0.13753733 1.71908468 1.71369918 0.14079840 0.12754679 0.14034929 1.70390598 0.23248876 0.72081323 0.14166565 0.12942403 0.14959687 1.72022011 0.13244539 0.13511397 1.72326010 1.71920410 1.72345462 0.12551058 1.72164273 1.71242157 1.72328539 0.12815162 0.76632656 1.71957754 1.72182143 0.10422554 
CAE2       0.12473289 0.10854862 1.65192360 1.69998615 0.13197870 0.15411199 0.13672454 1.69863748 0.12827805 1.68975509 1.69778961 0.13968084 1.69927391 0.13300106 1.70219442 0.13270385 0.00000000 0.13083029 1.70758731 0.15362826 0.15492854 1.70092260 1.69516647 0.13030623 0.11974177 0.13701115 1.69615367 0.21114452 0.71775046 0.13724279 0.14095668 0.13233380 1.70102367 0.13801850 0.13088822 1.70583174 1.70328731 1.70727763 0.13161381 1.70272525 1.69662028 1.70730043 0.15530079 0.75860482 1.70125066 1.70472061 0.14011903 
SA4c_ZA    0.11822112 0.15307753 1.63721152 1.68804573 0.13208540 0.11974045 0.12622701 1.68689440 0.12805121 1.67883375 1.68628342 0.11381913 1.68545123 0.13582318 1.69001354 0.14535737 0.13083029 0.00000000 1.69462267 0.14000363 0.12557232 1.68818135 1.68352019 0.13243300 0.12379404 0.12665671 1.68436937 0.22272898 0.71429895 0.12637457 0.12984466 0.13037150 1.69019135 0.14263666 0.13730465 1.69250183 1.68988738 1.69403568 0.14919832 1.69039967 1.68471858 1.69445690 0.14783155 0.76893580 1.68811667 1.69152260 0.14459701 
SA_NC7     1.72700211 1.70799761 0.22640210 0.17884352 1.72792276 1.72212777 1.72726722 0.15371736 1.70162629 0.20255078 0.18068398 1.72272225 0.17930598 1.72749206 0.18949397 1.72617075 1.70758731 1.69462267 0.00000000 1.72980961 1.72826586 0.18170540 0.18245545 1.72115156 1.73167249 1.72823986 0.18808351 1.52792409 0.78618980 1.72716154 1.72427136 1.72557298 0.14640150 1.72741940 1.72366592 0.19094813 0.18068609 0.18930981 1.72666394 0.18843979 0.17599840 0.18381241 1.73198851 0.71656201 0.16934526 0.18975904 1.73165503 
SA186      0.13645118 0.14197754 1.67408088 1.72106480 0.12786053 0.11994147 0.11115923 1.72231851 0.15388943 1.71232184 1.71950686 0.10905973 1.72202607 0.13584284 1.72312681 0.12521679 0.15362826 0.14000363 1.72980961 0.00000000 0.11449517 1.72302901 1.71704981 0.13643405 0.14171979 0.11058472 1.71020734 0.23486115 0.72287492 0.11074051 0.05349919 0.14389126 1.72298529 0.13627288 0.13641230 1.72530217 1.72336868 1.72887668 0.14798739 1.72603109 1.71750129 1.72869605 0.10013065 0.80053142 1.72365469 1.72706343 0.11564187 
SA3e       0.12025384 0.12317228 1.66770391 1.71727471 0.12058523 0.11561087 0.15299145 1.71547045 0.13923085 1.70701796 1.71543834 0.13567069 1.71614693 0.13477419 1.72103245 0.13753733 0.15492854 0.12557232 1.72826586 0.11449517 0.00000000 1.71968488 1.71351389 0.12498703 0.13064174 0.15370377 1.70738730 0.22164257 0.72826763 0.15394459 0.13070831 0.14007012 1.71798009 0.12131711 0.12131268 1.72167335 1.71805981 1.72393196 0.14324562 1.72057637 1.71285521 1.72382132 0.10350601 0.78623393 1.71909996 1.72124288 0.10559771 
SA_NC4     1.71920157 1.70138641 0.19834591 0.19335460 1.72402093 1.71565769 1.72014330 0.17168924 1.69447422 0.17639425 0.19217115 1.71526623 0.17947751 1.72020762 0.15104668 1.71908468 1.70092260 1.68818135 0.18170540 1.72302901 1.71968488 0.00000000 0.19394620 1.71406127 1.72510645 1.72189149 0.19252421 1.52350647 0.81088798 1.71985661 1.71725669 1.71894656 0.18369500 1.71980992 1.71904040 0.17218870 0.17671765 0.14143323 1.71963152 0.13103643 0.18530122 0.15958339 1.72534663 0.70776796 0.16204239 0.16099872 1.72519672 
MCT8       1.71519165 1.69526783 0.23171045 0.15323137 1.71839131 1.70915040 1.71501001 0.19320471 1.68714994 0.17021088 0.15169443 1.70878515 0.19057105 1.71420086 0.18386681 1.71369918 1.69516647 1.68352019 0.18245545 1.71704981 1.71351389 0.19394620 0.00000000 1.70674019 1.72107438 1.71616554 0.18536348 1.51568613 0.78511569 1.71547038 1.71385230 1.71387701 0.18485249 1.71225088 1.70941187 0.17569986 0.18470690 0.19153968 1.71282787 0.19442059 0.18148265 0.19375052 1.71910840 0.70287635 0.17477155 0.19046644 1.71948957 
SA_KN1     0.12761979 0.14183044 1.66439464 1.71263063 0.12501497 0.12513616 0.11393890 1.71263336 0.11850264 1.70246053 1.71071259 0.12240150 1.71243751 0.12110382 1.71556848 0.14079840 0.13030623 0.13243300 1.72115156 0.13643405 0.12498703 1.71406127 1.70674019 0.00000000 0.12963469 0.11389093 1.70373167 0.22304326 0.70743801 0.11584888 0.13650588 0.10410399 1.71464783 0.12325721 0.10407855 1.71830526 1.71434025 1.72092443 0.12279098 1.71841993 1.70921262 1.71916313 0.12743481 0.78626724 1.71601855 1.71722850 0.14158417 
SA152      0.10146716 0.13622192 1.67381511 1.72426475 0.11597403 0.14397802 0.12199361 1.72064649 0.13983291 1.71337269 1.72353604 0.13122601 1.72337688 0.11781767 1.72516785 0.12754679 0.11974177 0.12379404 1.73167249 0.14171979 0.13064174 1.72510645 1.72107438 0.12963469 0.00000000 0.12168131 1.71152186 0.22478553 0.71918204 0.12177147 0.13061517 0.11304008 1.72484463 0.14129954 0.13356273 1.72999303 1.72714021 1.73129265 0.14296051 1.72640086 1.72102375 1.73017457 0.12828993 0.79454881 1.72565861 1.72791424 0.12094359 
SA_KN3     0.14078276 0.15228722 1.66928342 1.71764391 0.13178906 0.15028059 0.02726934 1.71812624 0.14492345 1.70961683 1.71821467 0.12843040 1.72085186 0.13077857 1.72144749 0.14034929 0.13701115 0.12665671 1.72823986 0.11058472 0.15370377 1.72189149 1.71616554 0.11389093 0.12168131 0.00000000 1.71031458 0.22836529 0.68236486 0.02723565 0.10491577 0.11997902 1.72151496 0.13244653 0.13514619 1.72587099 1.72375853 1.72727279 0.14040789 1.72599607 1.71476954 1.72604085 0.13459463 0.78218765 1.72213255 1.72370621 0.15590847 
JEL433     1.70555351 1.69599786 0.23205288 0.17620424 1.70886035 1.70678239 1.70884880 0.18731322 1.69075653 0.18694800 0.18311835 1.70473693 0.17842828 1.70719215 0.18689120 1.70390598 1.69615367 1.68436937 0.18808351 1.71020734 1.70738730 0.19252421 0.18536348 1.70373167 1.71152186 1.71031458 0.00000000 1.52654455 0.82504616 1.70829041 1.70693532 1.70939289 0.19026699 1.70851815 1.70594909 0.16861991 0.18962092 0.19288137 1.71254631 0.18936761 0.19494217 0.18411530 1.71051823 0.75599305 0.19266171 0.17839173 1.71199346 
TRBOMB     0.22788199 0.21783857 1.47079760 1.52236566 0.22237610 0.23372956 0.22853539 1.52049325 0.21772793 1.51347976 1.51844815 0.23642743 1.52122146 0.21912781 1.52480202 0.23248876 0.21114452 0.22272898 1.52792409 0.23486115 0.22164257 1.52350647 1.51568613 0.22304326 0.22478553 0.22836529 1.52654455 0.00000000 0.73707083 0.22883477 0.23210329 0.24514852 1.52232884 0.22352761 0.21912623 1.52365022 1.52442707 1.53001772 0.21653868 1.52551035 1.51703301 1.52869439 0.23026862 0.76017375 1.52107110 1.52653100 0.23479976 
SA_EC3     0.71895669 0.70568205 0.80709655 0.80722339 0.72915259 0.71970596 0.68170207 0.77733102 0.69119586 0.83553317 0.81285148 0.68929389 0.82951058 0.72340349 0.82303385 0.72081323 0.71775046 0.71429895 0.78618980 0.72287492 0.72826763 0.81088798 0.78511569 0.70743801 0.71918204 0.68236486 0.82504616 0.73707083 0.00000000 0.68176718 0.72624613 0.71788889 0.78508535 0.67729166 0.70732385 0.82012220 0.79315735 0.81631933 0.70092381 0.81371522 0.80711782 0.82774743 0.72726024 0.71842629 0.79886613 0.83967548 0.72444778 
DB8.2      0.14065842 0.15214759 1.66840797 1.71744455 0.13218112 0.14988874 0.02725265 1.71716130 0.14543910 1.70934138 1.71774071 0.12840987 1.71896545 0.13084321 1.72106653 0.14166565 0.13724279 0.12637457 1.72716154 0.11074051 0.15394459 1.71985661 1.71547038 0.11584888 0.12177147 0.02723565 1.70829041 0.22883477 0.68176718 0.00000000 0.10496511 0.12085856 1.71998131 0.13049095 0.13546091 1.72394176 1.72226574 1.72653618 0.14048612 1.72387534 1.71442927 1.72558298 0.13373562 0.78168578 1.72124443 1.72393788 0.15663517 
SA190      0.12349669 0.14393788 1.66717594 1.71675661 0.12591522 0.11830488 0.10505857 1.71749962 0.15861953 1.70763026 1.71447653 0.11844506 1.71666424 0.14284323 1.71889924 0.12942403 0.14095668 0.12984466 1.72427136 0.05349919 0.13070831 1.71725669 1.71385230 0.13650588 0.13061517 0.10491577 1.70693532 0.23210329 0.72624613 0.10496511 0.00000000 0.13342664 1.71761533 0.13944208 0.14240932 1.72082765 1.71840980 1.72395230 0.14394601 1.72004083 1.71288378 1.72503861 0.11450003 0.78844217 1.71853603 1.72238138 0.12554617 
SA_FS1     0.10883586 0.15343820 1.66892281 1.71688688 0.12729913 0.12703593 0.12162741 1.71715302 0.16180545 1.70691652 1.71720614 0.14938848 1.71858244 0.16009695 1.72152121 0.14959687 0.13233380 0.13037150 1.72557298 0.14389126 0.14007012 1.71894656 1.71387701 0.10410399 0.11304008 0.11997902 1.70939289 0.24514852 0.71788889 0.12085856 0.13342664 0.00000000 1.72071516 0.14325997 0.13763512 1.72349700 1.72020923 1.72600689 0.14544469 1.72255292 1.71375700 1.72459421 0.14075829 0.77609839 1.72133202 1.72254178 0.16711835 
SA_NC10    1.71905412 1.70205268 0.22804521 0.17925996 1.72165948 1.71563095 1.71981040 0.16052756 1.69420675 0.19917011 0.18146054 1.71719593 0.17915117 1.71980133 0.18743186 1.72022011 1.70102367 1.69019135 0.14640150 1.72298529 1.71798009 0.18369500 0.18485249 1.71464783 1.72484463 1.72151496 0.19026699 1.52232884 0.78508535 1.71998131 1.71761533 1.72071516 0.00000000 1.72000232 1.71722630 0.19236698 0.18078564 0.18708565 1.71947289 0.18656749 0.17453877 0.18127510 1.72426100 0.71512306 0.16691382 0.19163074 1.72516619 
SA_KN6     0.14822545 0.13865340 1.66848285 1.71665843 0.13173616 0.13873937 0.13201365 1.71687047 0.09681926 1.70639640 1.71580634 0.13641646 1.71606163 0.12141312 1.72007462 0.13244539 0.13801850 0.14263666 1.72741940 0.13627288 0.12131711 1.71980992 1.71225088 0.12325721 0.14129954 0.13244653 1.70851815 0.22352761 0.67729166 0.13049095 0.13944208 0.14325997 1.72000232 0.00000000 0.08747517 1.72260287 1.71931201 1.72598883 0.08258044 1.72116613 1.71516837 1.72484292 0.11565748 0.78522220 1.72110188 1.72283597 0.13107549 
SA_KN5     0.14679486 0.13190238 1.66795347 1.71526690 0.12897409 0.13266663 0.13416084 1.71505667 0.09439152 1.70498259 1.71352703 0.11857520 1.71480105 0.10942132 1.71918204 0.13511397 0.13088822 0.13730465 1.72366592 0.13641230 0.12131268 1.71904040 1.70941187 0.10407855 0.13356273 0.13514619 1.70594909 0.21912623 0.70732385 0.13546091 0.14240932 0.13763512 1.71722630 0.08747517 0.00000000 1.72022462 1.71642289 1.72496293 0.09858355 1.72246129 1.71223066 1.72339541 0.12324850 0.78400363 1.71921529 1.72153738 0.13286666 
SA_EC7     1.72445377 1.70435839 0.21743962 0.17062882 1.72719290 1.72008537 1.72409061 0.20298152 1.69945146 0.17522305 0.16621019 1.72036449 0.16264929 1.72372070 0.17041057 1.72326010 1.70583174 1.69250183 0.19094813 1.72530217 1.72167335 0.17218870 0.17569986 1.71830526 1.72999303 1.72587099 0.16861991 1.52365022 0.82012220 1.72394176 1.72082765 1.72349700 0.19236698 1.72260287 1.72022462 0.00000000 0.16107556 0.17350624 1.72303574 0.17212861 0.19095805 0.17474657 1.72497154 0.71779705 0.17175378 0.17493081 1.72803694 
SA_EC6     1.72140438 1.70205107 0.20586492 0.19057833 1.72390853 1.71608887 1.72185909 0.19594313 1.69544862 0.19775782 0.18082580 1.71639650 0.18291178 1.72122257 0.16564181 1.71920410 1.70328731 1.68988738 0.18068609 1.72336868 1.71805981 0.17671765 0.18470690 1.71434025 1.72714021 1.72375853 0.18962092 1.52442707 0.79315735 1.72226574 1.71840980 1.72020923 0.18078564 1.71931201 1.71642289 0.16107556 0.00000000 0.18091732 1.72016707 0.18087591 0.19000823 0.17577877 1.72348695 0.75723326 0.16764180 0.16463869 1.72516843 
SA_NC2     1.72622577 1.70553887 0.20099319 0.18710429 1.72814406 1.72020743 1.72632665 0.18423173 1.70091404 0.16738756 0.18575078 1.72301012 0.17527191 1.72621883 0.14353200 1.72345462 1.70727763 1.69403568 0.18930981 1.72887668 1.72393196 0.14143323 0.19153968 1.72092443 1.73129265 1.72727279 0.19288137 1.53001772 0.81631933 1.72653618 1.72395230 1.72600689 0.18708565 1.72598883 1.72496293 0.17350624 0.18091732 0.00000000 1.72675451 0.13958105 0.18190584 0.15841844 1.73062641 0.68791997 0.16995115 0.16568394 1.73101487 
SA_KN4     0.14410716 0.12335893 1.66840062 1.71863368 0.12710476 0.13709557 0.14071571 1.71728190 0.09054696 1.70841982 1.71530986 0.14805092 1.71706159 0.12253395 1.71964224 0.12551058 0.13161381 0.14919832 1.72666394 0.14798739 0.14324562 1.71963152 1.71282787 0.12279098 0.14296051 0.14040789 1.71254631 0.21653868 0.70092381 0.14048612 0.14394601 0.14544469 1.71947289 0.08258044 0.09858355 1.72303574 1.72016707 1.72675451 0.00000000 1.72192819 1.71522120 1.72477944 0.13209085 0.76749750 1.72045643 1.72377717 0.12726442 
SA_NC3     1.72167700 1.70262316 0.19918867 0.19217953 1.72555737 1.71892506 1.72338040 0.17155662 1.69849062 0.17586169 0.19108591 1.71929541 0.18141753 1.72234167 0.14906657 1.72164273 1.70272525 1.69039967 0.18843979 1.72603109 1.72057637 0.13103643 0.19442059 1.71841993 1.72640086 1.72599607 0.18936761 1.52551035 0.81371522 1.72387534 1.72004083 1.72255292 0.18656749 1.72116613 1.72246129 0.17212861 0.18087591 0.13958105 1.72192819 0.00000000 0.18621393 0.15886252 1.72652312 0.71095779 0.16492954 0.15989260 1.72660468 
SA523      1.71442087 1.69655610 0.21017583 0.16958093 1.71820139 1.71125112 1.71374106 0.17493318 1.69045580 0.17368128 0.17305844 1.71136321 0.18380121 1.71560707 0.18264158 1.71242157 1.69662028 1.68471858 0.17599840 1.71750129 1.71285521 0.18530122 0.18148265 1.70921262 1.72102375 1.71476954 0.19494217 1.51703301 0.80711782 1.71442927 1.71288378 1.71375700 0.17453877 1.71516837 1.71223066 0.19095805 0.19000823 0.18190584 1.71522120 0.18621393 0.00000000 0.18597824 1.71861846 0.69047535 0.18347391 0.19492689 1.72193855 
SA_NC6     1.72453725 1.70662633 0.20795771 0.18777952 1.72801327 1.72080362 1.72491073 0.18020875 1.69905440 0.18232807 0.18831052 1.72126616 0.18271980 1.72629051 0.16687157 1.72328539 1.70730043 1.69445690 0.18381241 1.72869605 1.72382132 0.15958339 0.19375052 1.71916313 1.73017457 1.72604085 0.18411530 1.52869439 0.82774743 1.72558298 1.72503861 1.72459421 0.18127510 1.72484292 1.72339541 0.17474657 0.17577877 0.15841844 1.72477944 0.15886252 0.18597824 0.00000000 1.72814880 0.73146562 0.17708569 0.14939117 1.73045239 
SA546      0.12954356 0.13311354 1.67251439 1.72235510 0.12189531 0.12577822 0.13569443 1.72090277 0.13149533 1.71311667 1.72180204 0.12627353 1.72181256 0.11663343 1.72447937 0.12815162 0.15530079 0.14783155 1.73198851 0.10013065 0.10350601 1.72534663 1.71910840 0.12743481 0.12828993 0.13459463 1.71051823 0.23026862 0.72726024 0.13373562 0.11450003 0.14075829 1.72426100 0.11565748 0.12324850 1.72497154 1.72348695 1.73062641 0.13209085 1.72652312 1.71861846 1.72814880 0.00000000 0.80727345 1.72527290 1.72735227 0.11414472 
SA_EC5     0.76901310 0.74765319 0.73992995 0.70343241 0.78100568 0.77138940 0.78413202 0.72023184 0.76797203 0.67232705 0.69553837 0.81845948 0.69661900 0.78875789 0.71719488 0.76632656 0.75860482 0.76893580 0.71656201 0.80053142 0.78623393 0.70776796 0.70287635 0.78626724 0.79454881 0.78218765 0.75599305 0.76017375 0.71842629 0.78168578 0.78844217 0.77609839 0.71512306 0.78522220 0.78400363 0.71779705 0.75723326 0.68791997 0.76749750 0.71095779 0.69047535 0.73146562 0.80727345 0.00000000 0.72501513 0.73385518 0.76581837 
SA_NC9     1.72107666 1.70311296 0.21995376 0.18688428 1.72401692 1.71674840 1.72061577 0.18450487 1.69536336 0.18383851 0.18041411 1.71765710 0.19117962 1.72069420 0.15879473 1.71957754 1.70125066 1.68811667 0.16934526 1.72365469 1.71909996 0.16204239 0.17477155 1.71601855 1.72565861 1.72213255 0.19266171 1.52107110 0.79886613 1.72124443 1.71853603 1.72133202 0.16691382 1.72110188 1.71921529 0.17175378 0.16764180 0.16995115 1.72045643 0.16492954 0.18347391 0.17708569 1.72527290 0.72501513 0.00000000 0.16454743 1.72613296 
SA_NC5     1.72255092 1.70587834 0.21526143 0.19216968 1.72700783 1.72029082 1.72336835 0.18766941 1.69777171 0.16592182 0.18953053 1.71889265 0.18447538 1.72432402 0.14907971 1.72182143 1.70472061 1.69152260 0.18975904 1.72706343 1.72124288 0.16099872 0.19046644 1.71722850 1.72791424 1.72370621 0.17839173 1.52653100 0.83967548 1.72393788 1.72238138 1.72254178 0.19163074 1.72283597 1.72153738 0.17493081 0.16463869 0.16568394 1.72377717 0.15989260 0.19492689 0.14939117 1.72735227 0.73385518 0.16454743 0.00000000 1.72919206 
SA211      0.11566971 0.11605979 1.67535105 1.72433982 0.11568350 0.11280285 0.15588572 1.72223388 0.13473152 1.71467686 1.72123613 0.11739496 1.72153386 0.11612977 1.72447524 0.10422554 0.14011903 0.14459701 1.73165503 0.11564187 0.10559771 1.72519672 1.71948957 0.14158417 0.12094359 0.15590847 1.71199346 0.23479976 0.72444778 0.15663517 0.12554617 0.16711835 1.72516619 0.13107549 0.13286666 1.72803694 1.72516843 1.73101487 0.12726442 1.72660468 1.72193855 1.73045239 0.11414472 0.76581837 1.72613296 1.72919206 0.00000000 
