12
KB23       0.00000000 1.01250065 1.12700869 0.12358516 1.03897991 1.10564717 0.11051179 1.12799783 1.04378206 1.02052495 0.12840020 1.13014414 
CM22       1.01250065 0.00000000 1.35741558 1.02958680 1.26742597 1.35054839 1.01559453 1.34977901 1.25873462 1.26508752 0.99619878 1.34729375 
KBO_319    1.12700869 1.35741558 0.00000000 1.14005419 0.43882021 0.15642302 1.13719511 0.43221116 0.43072099 0.40743210 1.10270259 0.43290374 
KB45       0.12358516 1.02958680 1.14005419 0.00000000 1.05099463 1.11880494 0.12514963 1.14040772 1.05552702 1.03817840 0.13048903 1.14299841 
KRBOOR_331 1.03897991 1.26742597 0.43882021 1.05099463 0.00000000 0.42892030 1.04818844 0.39551594 0.38849449 0.34416293 1.01774103 0.39298928 
KB347      1.10564717 1.35054839 0.15642302 1.11880494 0.42892030 0.00000000 1.11485958 0.43555597 0.43014345 0.39425461 1.07851881 0.43756830 
KB108      0.11051179 1.01559453 1.13719511 0.12514963 1.04818844 1.11485958 0.00000000 1.13773882 1.05221707 1.03447524 0.14655201 1.14056668 
KRBOOR_317 1.12799783 1.34977901 0.43221116 1.14040772 0.39551594 0.43555597 1.13773882 0.00000000 0.42147437 0.38771127 1.10426750 0.09853947 
KBO_327    1.04378206 1.25873462 0.43072099 1.05552702 0.38849449 0.43014345 1.05221707 0.42147437 0.00000000 0.36323872 1.01909447 0.41887995 
KRBOOR_323 1.02052495 1.26508752 0.40743210 1.03817840 0.34416293 0.39425461 1.03447524 0.38771127 0.36323872 0.00000000 1.00169409 0.39166521 
KB72       0.12840020 0.99619878 1.10270259 0.13048903 1.01774103 1.07851881 0.14655201 1.10426750 1.01909447 1.00169409 0.00000000 1.10775562 
KBO_317    1.13014414 1.34729375 0.43290374 1.14299841 0.39298928 0.43756830 1.14056668 0.09853947 0.41887995 0.39166521 1.10775562 0.00000000 
